[8, 17, 75]
[5, 10, 85]
[5, 8, 87]
[6, 9, 85]
[3, 16, 81]
[13, 13, 74]
[8, 12, 80]
[9, 11, 80]
[10, 13, 77]
[8, 13, 79]
[8, 9, 83]
[14, 11, 75]
[9, 14, 77]
[17, 15, 68]
[10, 10, 80]
[13, 10, 77]
[14, 12, 74]
[12, 10, 78]
[13, 12, 75]
[19, 12, 69]
[15, 5, 80]
[20, 4, 76]
[13, 11, 76]
[17, 9, 74]
[11, 7, 82]
[14, 12, 74]
[14, 14, 72]
[23, 10, 67]
[22, 9, 69]
[28, 14, 58]
[25, 13, 62]
[21, 9, 70]
[23, 14, 63]
[20, 9, 71]
[30, 10, 60]
[32, 10, 58]
[29, 7, 64]
[23, 14, 63]
[23, 6, 71]
[27, 6, 67]
[25, 8, 67]
[19, 11, 70]
[30, 5, 65]
[27, 6, 67]
[32, 10, 58]
[19, 11, 70]
[29, 4, 67]
[24, 7, 69]
[27, 12, 61]
[24, 13, 63]
[22, 11, 67]
[23, 11, 66]
[27, 10, 63]
[28, 8, 64]
[23, 10, 67]
[23, 10, 67]
[26, 7, 67]
[22, 11, 67]
[30, 7, 63]
[29, 4, 67]
[24, 9, 67]
[23, 8, 69]
[31, 10, 59]
[19, 4, 77]
[31, 11, 58]
[27, 9, 64]
[33, 8, 59]
[31, 15, 54]
[34, 11, 55]
[29, 7, 64]
[25, 8, 67]
[31, 6, 63]
[35, 8, 57]
[24, 9, 67]
[31, 12, 57]
[28, 11, 61]
[21, 11, 68]
[27, 5, 68]
[40, 7, 53]
[25, 9, 66]
[33, 6, 61]
[29, 12, 59]
[38, 12, 50]
[20, 15, 65]
[30, 5, 65]
[27, 9, 64]
[22, 7, 71]
[34, 9, 57]
[29, 8, 63]
[28, 9, 63]
[32, 14, 54]
[39, 13, 48]
[39, 7, 54]
[36, 6, 58]
[29, 9, 62]
[31, 15, 54]
[43, 6, 51]
[35, 5, 60]
[28, 13, 59]
